436 67 142 83 351 311 77 134 205 487 486 
135 159 415 65 433 23 187 282 407 338 
45 87 339 116 437 187 226 208 247 300 
387 457 34 492 113 261 362 253 56 493 
101 451 461 353 312 348 141 223 361 213 
15 414 270 235 354 449 74 273 164 464 
379 70 266 288 261 158 337 203 421 497 
470 19 368 282 360 18 493 220 269 317 
183 372 450 470 454 330 33 371 478 80 
65 212 28 209 102 129 261 33 344 358 
420 440 122 95 265 305 389 379 207 456 
104 441 237 118 195 223 9 98 42 500 
241 333 272 127 479 406 210 414 460 352 
273 143 178 144 143 370 149 244 473 24 
149 139 408 472 119 336 85 232 72 461 
195 289 27 262 439 383 20 164 273 104 
391 308 210 58 496 312 224 144 408 448 
34 166 161 101 255 342 234 333 10 364 
360 156 137 397 421 261 82 285 133 41 
138 439 349 250 261 147 9 111 211 448 
462 184 359 377 215 376 204 90 310 112 
43 186 381 148 171 172 321 363 170 448 
327 30 319 34 114 64 9 240 212 181 
478 141 470 401 191 406 120 443 89 368 
8 480 129 298 291 18 112 117 29 305 
486 44 287 230 75 87 20 265 374 247 
185 133 276 450 137 161 261 198 277 93 
40 408 333 234 179 164 253 336 289 43 
341 323 163 26 46 103 192 41 10 55 
33 121 337 487 347 452 269 158 456 184 
276 444 302 394 288 267 289 262 139 160 
122 158 344 24 161 327 165 165 199 251 
182 24 152 40 16 372 71 108 487 88 
200 262 211 51 160 75 128 225 97 321 
302 301 208 474 6 284 171 359 499 235 
258 359 55 473 370 218 203 60 53 90 
346 52 311 199 301 427 2 401 228 18 
20 178 79 64 416 139 59 180 255 47 
22 55 157 498 460 6 319 273 336 306 
264 259 236 266 472 48 214 148 167 267 
441 466 267 442 455 106 16 402 295 427 
362 311 480 444 173 462 341 1 126 363 
128 83 19 130 141 435 131 454 117 179 
206 424 382 352 208 263 434 350 375 231 
246 335 267 141 192 204 301 298 100 449 
335 349 434 404 156 49 357 203 459 440 
314 150 397 368 284 429 426 386 284 16 
468 203 86 83 224 273 227 230 335 284 
274 13 345 440 45 61 425 378 444 152 
276 466 365 233 242 127 491 489 426 