461 41 109 235 36 38 73 172 311 40 290 
325 265 277 41 52 458 177 47 261 250 
194 252 28 366 238 290 76 443 108 338 
330 199 396 425 493 467 345 376 426 86 
70 341 287 29 380 482 180 215 143 154 
386 356 165 222 470 33 178 412 452 239 
222 490 449 111 390 78 444 459 326 342 
243 325 52 418 138 205 299 184 299 228 
87 63 279 258 274 361 363 134 340 303 
65 289 241 336 134 281 192 147 358 19 
223 235 278 232 319 428 150 82 48 60 
333 431 16 311 245 478 441 154 45 438 
469 226 70 121 46 295 134 251 207 462 
185 96 340 365 364 256 155 289 316 92 
278 323 485 299 146 328 392 263 430 487 
181 141 410 85 383 97 305 61 346 71 
28 55 125 486 35 157 429 260 124 401 
116 385 211 379 75 96 465 394 323 256 
25 209 208 162 205 303 467 355 471 170 
176 110 434 237 187 455 302 377 79 165 
429 123 207 164 379 241 48 38 123 12 
351 154 254 366 465 212 497 321 222 394 
192 112 17 140 349 23 492 305 149 24 
18 368 282 133 464 44 23 203 348 391 
421 92 466 71 223 490 349 160 487 217 
415 408 484 412 110 230 77 270 415 369 
134 176 490 23 8 149 74 36 409 255 
73 106 373 203 442 363 453 268 250 305 
293 151 193 306 44 37 272 129 393 54 
329 477 270 233 332 237 468 235 273 108 
321 368 385 323 223 210 369 121 167 192 
291 42 225 228 82 180 264 352 427 398 
424 192 41 211 265 418 301 39 82 373 
249 213 369 99 469 128 332 171 438 426 
403 330 456 85 217 252 235 134 9 114 
265 416 4 191 180 97 156 470 297 399 
387 423 206 118 348 89 50 365 233 376 
325 410 5 460 372 369 26 350 59 392 
166 40 275 221 347 64 195 428 467 492 
275 187 227 19 116 117 488 336 404 466 
211 234 349 173 14 431 415 386 161 114 
287 421 414 206 478 96 253 312 247 223 
326 408 10 349 371 186 6 492 196 468 
478 353 48 225 172 448 188 499 497 367 
250 381 259 56 351 494 214 235 240 325 
60 86 46 364 385 173 192 136 157 350 
147 367 491 373 367 22 54 306 495 352 
49 333 473 383 138 25 465 430 468 8 
72 36 142 194 291 371 461 385 286 345 
445 166 277 370 310 432 402 245 492 